八点法 + sift
T23 [-0.53267121  0.00526146 -0.00782809]
R_23 [[ 0.99955716  0.02225614 -0.01975307]
 [-0.02222673  0.99975152  0.00170718]
 [ 0.01978616 -0.00126738  0.99980347]]
r_euler_gt [-1.27553715 -1.13184123 -0.09783354]
r_eulers: 
[2.03253655 1.22140966 2.60976397]
ts: 
0.3161835583122703

八点法 + bundle adjustment + sift
T23 [-0.53267121  0.00526146 -0.00782809]
R_23 [[ 0.99955716  0.02225614 -0.01975307]
 [-0.02222673  0.99975152  0.00170718]
 [ 0.01978616 -0.00126738  0.99980347]]
r_euler_gt [-1.27553715 -1.13184123 -0.09783354]
r_eulers: 
[0.23541443 1.34665165 0.18589505]
ts: 
0.21204288463726342

八点法 + orb
T23 [-0.53267121  0.00526146 -0.00782809]
R_23 [[ 0.99955716  0.02225614 -0.01975307]
 [-0.02222673  0.99975152  0.00170718]
 [ 0.01978616 -0.00126738  0.99980347]]
r_euler_gt [-1.27553715 -1.13184123 -0.09783354]
r_eulers: 
[ 3.92709847  3.71975622 10.2332395 ]
ts: 
0.416570139638274

八点法 + bundle adjustment + orb
T23 [-0.53267121  0.00526146 -0.00782809]
R_23 [[ 0.99955716  0.02225614 -0.01975307]
 [-0.02222673  0.99975152  0.00170718]
 [ 0.01978616 -0.00126738  0.99980347]]
r_euler_gt [-1.27553715 -1.13184123 -0.09783354]
r_eulers: 
[2.2738551  2.64299831 7.01648692]
ts: 
0.371150621440574